acceleration_max_mps2_by_velocity_kmh:
  x: [0,    30,   70,   100,  180]
  y: [2.7,  1.6,  1.05, 1,    0.6]

acceleration_min_mps2_by_velocity_kmh:
  x: [0,  18, 70,   100,  200]
  y: [-5, -5, -3.5, -3.5, -3]

steering_wheel_angle_deg_by_velocity_kmh:
  x: [8,    10,   20,   30,   40,   50, 60, 70, 130,  150]
  y: [550,  490,  450,  200,  120,  60, 45, 37, 25,   15]

steering_wheel_momentum_nm_by_velocity_kmh:
  x: [8,  10,   20,   30,   40,   50,   60,   70,   130,  150]
  y: [7,  1.7,  1.3,  1.05, 0.9,  0.8,  0.7,  0.7,  0.7,  0.5]

steering_wheel_angle_rate_degps_by_velocity_kmh:
  x: [8,    10,   20,   30,   40,   50,   60,   70,   130,  150]
  y: [800,  400,  350,  250,  100,  100,  100,  100,  100,  100]

back_bumper_back_axle_distance_m: 1.2
axle_axle_distance_m: 2.9
fron_axle_front_bumper_distance_m: 0.8
width: 2.3   # including side mirrors

steering_wheel_angle_min_rad: -8.737119
steering_wheel_angle_max_rad: 8.676032
steering_wheel_angle_rad_to_front_wheel_angle_rad: [-0.628560, -0.614293, -0.600124, -0.586052, -0.572073, -0.558187, -0.544392, -0.530684, -0.517063, -0.503527, -0.490072, -0.476699, -0.463404, -0.450185, -0.437041, -0.423969, -0.410968, -0.398036, -0.385170, -0.372370, -0.359631, -0.346954, -0.334335, -0.321774, -0.309267, -0.296812, -0.284409, -0.272055, -0.259748, -0.247485, -0.235266, -0.223088, -0.210948, -0.198846, -0.186779, -0.174745, -0.162743, -0.150769, -0.138823, -0.126902, -0.115005, -0.103128, -0.091272, -0.079432, -0.067608, -0.055797, -0.043998, -0.032208, -0.020426, -0.008650, 0.003123, 0.014895, 0.026666, 0.038440, 0.050219, 0.062003, 0.073796, 0.085599, 0.097415, 0.109244, 0.121090, 0.132953, 0.144837, 0.156743, 0.168672, 0.180628, 0.192612, 0.204625, 0.216671, 0.228750, 0.240865, 0.253018, 0.265211, 0.277445, 0.289723, 0.302047, 0.314419, 0.326840, 0.339313, 0.351839, 0.364421, 0.377061, 0.389760, 0.402520, 0.415344, 0.428233, 0.441190, 0.454215, 0.467313, 0.480483, 0.493729, 0.507052, 0.520454, 0.533938, 0.547504, 0.561156, 0.574895, 0.588723, 0.602641, 0.616653]
